(kicad_pcb (version 4) (host pcbnew 4.0.4+e1-6308~48~ubuntu14.04.1-stable)

  (general
    (links 91)
    (no_connects 0)
    (area 99.924999 -0.075001 135.166002 183.075001)
    (thickness 1.6)
    (drawings 22)
    (tracks 548)
    (zones 0)
    (modules 50)
    (nets 47)
  )

  (page A4)
  (layers
    (0 F.Cu signal)
    (31 B.Cu signal)
    (32 B.Adhes user)
    (33 F.Adhes user)
    (34 B.Paste user)
    (35 F.Paste user)
    (36 B.SilkS user)
    (37 F.SilkS user)
    (38 B.Mask user)
    (39 F.Mask user)
    (40 Dwgs.User user)
    (41 Cmts.User user)
    (42 Eco1.User user)
    (43 Eco2.User user)
    (44 Edge.Cuts user)
    (45 Margin user)
    (46 B.CrtYd user)
    (47 F.CrtYd user)
    (48 B.Fab user)
    (49 F.Fab user)
  )

  (setup
    (last_trace_width 0.25)
    (trace_clearance 0.2)
    (zone_clearance 0.508)
    (zone_45_only no)
    (trace_min 0.2)
    (segment_width 0.2)
    (edge_width 0.15)
    (via_size 0.6)
    (via_drill 0.4)
    (via_min_size 0.4)
    (via_min_drill 0.3)
    (uvia_size 0.3)
    (uvia_drill 0.1)
    (uvias_allowed no)
    (uvia_min_size 0.2)
    (uvia_min_drill 0.1)
    (pcb_text_width 0.3)
    (pcb_text_size 1.5 1.5)
    (mod_edge_width 0.15)
    (mod_text_size 1 1)
    (mod_text_width 0.15)
    (pad_size 1.524 1.524)
    (pad_drill 0.762)
    (pad_to_mask_clearance 0.2)
    (aux_axis_origin 0 0)
    (visible_elements FFFFFF7F)
    (pcbplotparams
      (layerselection 0x010f0_80000001)
      (usegerberextensions false)
      (excludeedgelayer true)
      (linewidth 0.100000)
      (plotframeref false)
      (viasonmask false)
      (mode 1)
      (useauxorigin false)
      (hpglpennumber 1)
      (hpglpenspeed 20)
      (hpglpendiameter 15)
      (hpglpenoverlay 2)
      (psnegative false)
      (psa4output false)
      (plotreference true)
      (plotvalue true)
      (plotinvisibletext false)
      (padsonsilk false)
      (subtractmaskfromsilk false)
      (outputformat 1)
      (mirror false)
      (drillshape 0)
      (scaleselection 1)
      (outputdirectory gerber/))
  )

  (net 0 "")
  (net 1 GND)
  (net 2 R0)
  (net 3 R1)
  (net 4 R2)
  (net 5 R3)
  (net 6 +5V)
  (net 7 C0)
  (net 8 C1)
  (net 9 C2)
  (net 10 C3)
  (net 11 C4)
  (net 12 C5)
  (net 13 C6)
  (net 14 C7)
  (net 15 "Net-(D1-Pad1)")
  (net 16 "Net-(D2-Pad1)")
  (net 17 "Net-(D3-Pad1)")
  (net 18 "Net-(D4-Pad1)")
  (net 19 "Net-(D5-Pad1)")
  (net 20 "Net-(D6-Pad1)")
  (net 21 "Net-(D7-Pad1)")
  (net 22 "Net-(D8-Pad1)")
  (net 23 "Net-(D9-Pad1)")
  (net 24 "Net-(D10-Pad1)")
  (net 25 "Net-(D11-Pad1)")
  (net 26 "Net-(D12-Pad1)")
  (net 27 "Net-(D13-Pad1)")
  (net 28 "Net-(D14-Pad1)")
  (net 29 "Net-(D15-Pad1)")
  (net 30 "Net-(D16-Pad1)")
  (net 31 "Net-(D17-Pad1)")
  (net 32 "Net-(D18-Pad1)")
  (net 33 "Net-(D19-Pad1)")
  (net 34 "Net-(D20-Pad1)")
  (net 35 "Net-(D21-Pad1)")
  (net 36 "Net-(D22-Pad1)")
  (net 37 "Net-(D23-Pad1)")
  (net 38 "Net-(D24-Pad1)")
  (net 39 JA)
  (net 40 JB)
  (net 41 JY)
  (net 42 JX)
  (net 43 JOY_Y)
  (net 44 JOY_X)
  (net 45 "Net-(D25-Pad1)")
  (net 46 "Net-(D26-Pad1)")

  (net_class Default "This is the default net class."
    (clearance 0.2)
    (trace_width 0.25)
    (via_dia 0.6)
    (via_drill 0.4)
    (uvia_dia 0.3)
    (uvia_drill 0.1)
    (add_net +5V)
    (add_net C0)
    (add_net C1)
    (add_net C2)
    (add_net C3)
    (add_net C4)
    (add_net C5)
    (add_net C6)
    (add_net C7)
    (add_net GND)
    (add_net JA)
    (add_net JB)
    (add_net JOY_X)
    (add_net JOY_Y)
    (add_net JX)
    (add_net JY)
    (add_net "Net-(D1-Pad1)")
    (add_net "Net-(D10-Pad1)")
    (add_net "Net-(D11-Pad1)")
    (add_net "Net-(D12-Pad1)")
    (add_net "Net-(D13-Pad1)")
    (add_net "Net-(D14-Pad1)")
    (add_net "Net-(D15-Pad1)")
    (add_net "Net-(D16-Pad1)")
    (add_net "Net-(D17-Pad1)")
    (add_net "Net-(D18-Pad1)")
    (add_net "Net-(D19-Pad1)")
    (add_net "Net-(D2-Pad1)")
    (add_net "Net-(D20-Pad1)")
    (add_net "Net-(D21-Pad1)")
    (add_net "Net-(D22-Pad1)")
    (add_net "Net-(D23-Pad1)")
    (add_net "Net-(D24-Pad1)")
    (add_net "Net-(D25-Pad1)")
    (add_net "Net-(D26-Pad1)")
    (add_net "Net-(D3-Pad1)")
    (add_net "Net-(D4-Pad1)")
    (add_net "Net-(D5-Pad1)")
    (add_net "Net-(D6-Pad1)")
    (add_net "Net-(D7-Pad1)")
    (add_net "Net-(D8-Pad1)")
    (add_net "Net-(D9-Pad1)")
    (add_net R0)
    (add_net R1)
    (add_net R2)
    (add_net R3)
  )

  (module custom:ENC_conn (layer F.Cu) (tedit 57E841A2) (tstamp 56DE799D)
    (at 120 9 270)
    (path /56DBDACF)
    (fp_text reference P3 (at -7 4 360) (layer F.SilkS)
      (effects (font (size 1 1) (thickness 0.15)))
    )
    (fp_text value NAV_VOL (at -7 -6 360) (layer F.Fab)
      (effects (font (size 1 1) (thickness 0.15)))
    )
    (fp_text user A (at -2.54 9.017 270) (layer F.SilkS)
      (effects (font (size 1 1) (thickness 0.15)))
    )
    (fp_text user C (at 0 9.017 270) (layer F.SilkS)
      (effects (font (size 1 1) (thickness 0.15)))
    )
    (fp_text user B (at 2.54 9.017 270) (layer F.SilkS)
      (effects (font (size 1 1) (thickness 0.15)))
    )
    (fp_text user S (at -4 -8 270) (layer F.SilkS)
      (effects (font (size 1 1) (thickness 0.15)))
    )
    (fp_text user S (at 1 -8 270) (layer F.SilkS)
      (effects (font (size 1 1) (thickness 0.15)))
    )
    (fp_circle (center 0 0) (end 1 0) (layer F.SilkS) (width 0.15))
    (fp_line (start -6.25 6.7) (end 6.25 6.7) (layer F.SilkS) (width 0.15))
    (fp_line (start -6.25 -6.7) (end 6.25 -6.7) (layer F.SilkS) (width 0.15))
    (fp_line (start 6.25 -6.7) (end 6.25 6.7) (layer F.SilkS) (width 0.15))
    (fp_line (start -6.25 -6.7) (end -6.25 6.7) (layer F.SilkS) (width 0.15))
    (pad "" thru_hole circle (at 5.7 0) (size 4 4) (drill 2.8) (layers *.Cu *.Mask F.SilkS))
    (pad 1 thru_hole circle (at -2.54 -7) (size 1.5 1.5) (drill 1) (layers *.Cu *.Mask F.SilkS)
      (net 5 R3))
    (pad 2 thru_hole circle (at 2.54 7.5) (size 1.5 1.5) (drill 1) (layers *.Cu *.Mask F.SilkS)
      (net 21 "Net-(D7-Pad1)"))
    (pad 3 thru_hole circle (at 0 7.5) (size 1.5 1.5) (drill 1) (layers *.Cu *.Mask F.SilkS)
      (net 5 R3))
    (pad 4 thru_hole circle (at -2.54 7.5) (size 1.5 1.5) (drill 1) (layers *.Cu *.Mask F.SilkS)
      (net 22 "Net-(D8-Pad1)"))
    (pad 5 thru_hole circle (at 2.54 -7) (size 1.5 1.5) (drill 1) (layers *.Cu *.Mask F.SilkS)
      (net 23 "Net-(D9-Pad1)"))
    (pad "" thru_hole circle (at -5.7 0) (size 4 4) (drill 2.8) (layers *.Cu *.Mask F.SilkS))
  )

  (module custom:ELMA_conn (layer F.Cu) (tedit 57E58E04) (tstamp 56DE79E5)
    (at 120 72.25)
    (descr "ELMA pin header")
    (tags "elma pin header")
    (path /56DBDD3F)
    (fp_text reference P6 (at -7.605 -5.702 90) (layer F.SilkS)
      (effects (font (size 1 1) (thickness 0.15)))
    )
    (fp_text value CRS_BARO (at -7.605 -0.749 90) (layer F.Fab)
      (effects (font (size 1 1) (thickness 0.15)))
    )
    (fp_text user B0 (at 5.1 -7.75) (layer F.SilkS)
      (effects (font (size 1 1) (thickness 0.15)))
    )
    (fp_text user NC (at 2.6 -7.65) (layer F.SilkS)
      (effects (font (size 1 1) (thickness 0.15)))
    )
    (fp_text user NC (at 0.1 -7.75) (layer F.SilkS)
      (effects (font (size 1 1) (thickness 0.15)))
    )
    (fp_text user A0 (at -5 -7.75) (layer F.SilkS)
      (effects (font (size 1 1) (thickness 0.15)))
    )
    (fp_text user C0 (at -2.4 -7.75) (layer F.SilkS)
      (effects (font (size 1 1) (thickness 0.15)))
    )
    (fp_text user Ai (at 5.207 10.922) (layer F.SilkS)
      (effects (font (size 1 1) (thickness 0.15)))
    )
    (fp_text user Ci (at 2.413 11.049) (layer F.SilkS)
      (effects (font (size 1 1) (thickness 0.15)))
    )
    (fp_text user S (at -0.127 11.049) (layer F.SilkS)
      (effects (font (size 1 1) (thickness 0.15)))
    )
    (fp_text user S (at -2.54 11.049) (layer F.SilkS)
      (effects (font (size 1 1) (thickness 0.15)))
    )
    (fp_text user Bi (at -5.207 11.049) (layer F.SilkS)
      (effects (font (size 1 1) (thickness 0.15)))
    )
    (fp_circle (center 0 0) (end 1 0) (layer F.SilkS) (width 0.15))
    (fp_line (start -6.75 -7) (end 6.75 -7) (layer F.SilkS) (width 0.15))
    (fp_line (start 6.75 -7) (end 6.75 7) (layer F.SilkS) (width 0.15))
    (fp_line (start 6.75 7) (end -6.75 7) (layer F.SilkS) (width 0.15))
    (fp_line (start -6.75 7) (end -6.75 -7) (layer F.SilkS) (width 0.15))
    (pad 6 thru_hole circle (at -5.08 -9.39 90) (size 1.5 1.5) (drill 1) (layers *.Cu *.Mask F.SilkS)
      (net 34 "Net-(D20-Pad1)"))
    (pad 7 thru_hole circle (at -2.54 -9.39 90) (size 1.5 1.5) (drill 1) (layers *.Cu *.Mask F.SilkS)
      (net 4 R2))
    (pad 8 thru_hole circle (at 0 -9.39 90) (size 1.5 1.5) (drill 1) (layers *.Cu *.Mask F.SilkS))
    (pad 9 thru_hole circle (at 2.54 -9.39 90) (size 1.5 1.5) (drill 1) (layers *.Cu *.Mask F.SilkS))
    (pad 10 thru_hole circle (at 5.08 -9.39 90) (size 1.5 1.5) (drill 1) (layers *.Cu *.Mask F.SilkS)
      (net 35 "Net-(D21-Pad1)"))
    (pad 1 thru_hole rect (at -5.08 9.39 90) (size 1.5 1.5) (drill 1) (layers *.Cu *.Mask F.SilkS)
      (net 24 "Net-(D10-Pad1)"))
    (pad 2 thru_hole circle (at -2.54 9.39 90) (size 1.5 1.5) (drill 1) (layers *.Cu *.Mask F.SilkS)
      (net 25 "Net-(D11-Pad1)"))
    (pad 5 thru_hole circle (at 5.08 9.39 90) (size 1.5 1.5) (drill 1) (layers *.Cu *.Mask F.SilkS)
      (net 26 "Net-(D12-Pad1)"))
    (pad 4 thru_hole circle (at 2.54 9.39 90) (size 1.5 1.5) (drill 1) (layers *.Cu *.Mask F.SilkS)
      (net 4 R2))
    (pad 3 thru_hole circle (at 0 9.39 90) (size 1.5 1.5) (drill 1) (layers *.Cu *.Mask F.SilkS)
      (net 4 R2))
  )

  (module custom:ELMA_conn (layer F.Cu) (tedit 57E58DF3) (tstamp 56DE79CD)
    (at 120 38.25)
    (descr "ELMA pin header")
    (tags "elma pin header")
    (path /56DBDBFB)
    (fp_text reference P5 (at -2.779 -7.77) (layer F.SilkS)
      (effects (font (size 1 1) (thickness 0.15)))
    )
    (fp_text value COM (at -0.112 -7.77) (layer F.Fab)
      (effects (font (size 1 1) (thickness 0.15)))
    )
    (fp_text user B0 (at 5.207 -10.922) (layer F.SilkS)
      (effects (font (size 1 1) (thickness 0.15)))
    )
    (fp_text user NC (at 2.54 -10.922) (layer F.SilkS)
      (effects (font (size 1 1) (thickness 0.15)))
    )
    (fp_text user NC (at 0 -10.922) (layer F.SilkS)
      (effects (font (size 1 1) (thickness 0.15)))
    )
    (fp_text user A0 (at -4.953 -10.922) (layer F.SilkS)
      (effects (font (size 1 1) (thickness 0.15)))
    )
    (fp_text user C0 (at -2.54 -10.922) (layer F.SilkS)
      (effects (font (size 1 1) (thickness 0.15)))
    )
    (fp_text user Ai (at 4.1 7.95) (layer F.SilkS)
      (effects (font (size 1 1) (thickness 0.15)))
    )
    (fp_text user Ci (at 1.5 8.05) (layer F.SilkS)
      (effects (font (size 1 1) (thickness 0.15)))
    )
    (fp_text user S (at -1 7.95) (layer F.SilkS)
      (effects (font (size 1 1) (thickness 0.15)))
    )
    (fp_text user S (at -3.2 7.95) (layer F.SilkS)
      (effects (font (size 1 1) (thickness 0.15)))
    )
    (fp_text user Bi (at -5.3 7.85) (layer F.SilkS)
      (effects (font (size 1 1) (thickness 0.15)))
    )
    (fp_circle (center 0 0) (end 1 0) (layer F.SilkS) (width 0.15))
    (fp_line (start -6.75 -7) (end 6.75 -7) (layer F.SilkS) (width 0.15))
    (fp_line (start 6.75 -7) (end 6.75 7) (layer F.SilkS) (width 0.15))
    (fp_line (start 6.75 7) (end -6.75 7) (layer F.SilkS) (width 0.15))
    (fp_line (start -6.75 7) (end -6.75 -7) (layer F.SilkS) (width 0.15))
    (pad 6 thru_hole circle (at -5.08 -9.39 90) (size 1.5 1.5) (drill 1) (layers *.Cu *.Mask F.SilkS)
      (net 32 "Net-(D18-Pad1)"))
    (pad 7 thru_hole circle (at -2.54 -9.39 90) (size 1.5 1.5) (drill 1) (layers *.Cu *.Mask F.SilkS)
      (net 5 R3))
    (pad 8 thru_hole circle (at 0 -9.39 90) (size 1.5 1.5) (drill 1) (layers *.Cu *.Mask F.SilkS))
    (pad 9 thru_hole circle (at 2.54 -9.39 90) (size 1.5 1.5) (drill 1) (layers *.Cu *.Mask F.SilkS))
    (pad 10 thru_hole circle (at 5.08 -9.39 90) (size 1.5 1.5) (drill 1) (layers *.Cu *.Mask F.SilkS)
      (net 33 "Net-(D19-Pad1)"))
    (pad 1 thru_hole rect (at -5.08 9.39 90) (size 1.5 1.5) (drill 1) (layers *.Cu *.Mask F.SilkS)
      (net 15 "Net-(D1-Pad1)"))
    (pad 2 thru_hole circle (at -2.54 9.39 90) (size 1.5 1.5) (drill 1) (layers *.Cu *.Mask F.SilkS)
      (net 16 "Net-(D2-Pad1)"))
    (pad 5 thru_hole circle (at 5.08 9.39 90) (size 1.5 1.5) (drill 1) (layers *.Cu *.Mask F.SilkS)
      (net 17 "Net-(D3-Pad1)"))
    (pad 4 thru_hole circle (at 2.54 9.39 90) (size 1.5 1.5) (drill 1) (layers *.Cu *.Mask F.SilkS)
      (net 5 R3))
    (pad 3 thru_hole circle (at 0 9.39 90) (size 1.5 1.5) (drill 1) (layers *.Cu *.Mask F.SilkS)
      (net 4 R2))
  )

  (module custom:JOY_ROT (layer F.Cu) (tedit 57E4B1D8) (tstamp 56DE79F1)
    (at 120 105.75)
    (path /56DCC67E)
    (fp_text reference P7 (at 8.016 -11.897) (layer F.SilkS)
      (effects (font (size 1 1) (thickness 0.15)))
    )
    (fp_text value JOY_ROT (at -7.732 -13.167) (layer F.Fab)
      (effects (font (size 1 1) (thickness 0.15)))
    )
    (fp_text user G (at 8.81 13.44) (layer F.SilkS)
      (effects (font (size 1 1) (thickness 0.15)))
    )
    (fp_text user S (at 6.27 13.44) (layer F.SilkS)
      (effects (font (size 1 1) (thickness 0.15)))
    )
    (fp_text user S (at 4.492 13.694) (layer F.SilkS)
      (effects (font (size 1 1) (thickness 0.15)))
    )
    (fp_text user B (at 2.206 14.202) (layer F.SilkS)
      (effects (font (size 1 1) (thickness 0.15)))
    )
    (fp_text user A (at -2.366 13.948) (layer F.SilkS)
      (effects (font (size 1 1) (thickness 0.15)))
    )
    (fp_text user 5v (at -4.398 13.694) (layer F.SilkS)
      (effects (font (size 1 1) (thickness 0.15)))
    )
    (fp_text user JY (at -6.43 13.44) (layer F.SilkS)
      (effects (font (size 1 1) (thickness 0.15)))
    )
    (fp_text user JX (at -8.97 13.44) (layer F.SilkS)
      (effects (font (size 1 1) (thickness 0.15)))
    )
    (fp_circle (center 0 0) (end 13.335 0) (layer F.SilkS) (width 0.15))
    (pad 1 thru_hole circle (at 8.89 15.24 90) (size 1.3 1.3) (drill 0.6) (layers *.Cu *.Mask F.SilkS)
      (net 1 GND))
    (pad 2 thru_hole circle (at 6.35 15.24 90) (size 1.3 1.3) (drill 0.6) (layers *.Cu *.Mask F.SilkS)
      (net 3 R1))
    (pad 3 thru_hole circle (at 3.81 15.24 90) (size 1.3 1.3) (drill 0.6) (layers *.Cu *.Mask F.SilkS)
      (net 45 "Net-(D25-Pad1)"))
    (pad 4 thru_hole circle (at 1.27 15.24 90) (size 1.3 1.3) (drill 0.6) (layers *.Cu *.Mask F.SilkS)
      (net 40 JB))
    (pad 5 thru_hole circle (at -1.27 15.24 90) (size 1.3 1.3) (drill 0.6) (layers *.Cu *.Mask F.SilkS)
      (net 39 JA))
    (pad 6 thru_hole circle (at -3.81 15.24 90) (size 1.3 1.3) (drill 0.6) (layers *.Cu *.Mask F.SilkS)
      (net 6 +5V))
    (pad 7 thru_hole circle (at -6.35 15.24 90) (size 1.3 1.3) (drill 0.6) (layers *.Cu *.Mask F.SilkS)
      (net 43 JOY_Y))
    (pad 8 thru_hole circle (at -8.89 15.24 90) (size 1.3 1.3) (drill 0.6) (layers *.Cu *.Mask F.SilkS)
      (net 44 JOY_X))
  )

  (module custom:Diode_SMD (layer B.Cu) (tedit 57E853D0) (tstamp 57E4224D)
    (at 111.538 44.514 90)
    (path /57E35953)
    (fp_text reference D1 (at -0.063 -1.937 90) (layer B.SilkS)
      (effects (font (size 1 1) (thickness 0.15)) (justify mirror))
    )
    (fp_text value D (at 0 1.27 90) (layer B.Fab)
      (effects (font (size 1 1) (thickness 0.15)) (justify mirror))
    )
    (fp_line (start -0.635 0.508) (end -0.635 -0.508) (layer B.Mask) (width 0.15))
    (fp_line (start -0.381 0) (end 0.254 0.508) (layer B.Mask) (width 0.15))
    (fp_line (start 0.254 0.508) (end 0.254 -0.508) (layer B.Mask) (width 0.15))
    (fp_line (start 0.254 -0.508) (end -0.381 0) (layer B.Mask) (width 0.15))
    (fp_line (start -2.5 -1.25) (end 2.5 -1.25) (layer B.Mask) (width 0.1))
    (fp_line (start -2.5 1.25) (end 2.5 1.25) (layer B.Mask) (width 0.1))
    (pad 2 smd rect (at 2.2 0 90) (size 2 1.8) (layers B.Cu B.Paste B.Mask)
      (net 10 C3))
    (pad 1 smd rect (at -2.2 0 90) (size 1.8 2) (layers B.Cu B.Paste B.Mask)
      (net 15 "Net-(D1-Pad1)"))
  )

  (module custom:Diode_SMD (layer B.Cu) (tedit 57E853CB) (tstamp 57E42257)
    (at 118.904 50.102)
    (path /57E35994)
    (fp_text reference D2 (at -4.404 0.698) (layer B.SilkS)
      (effects (font (size 1 1) (thickness 0.15)) (justify mirror))
    )
    (fp_text value D (at 0 1.27) (layer B.Fab)
      (effects (font (size 1 1) (thickness 0.15)) (justify mirror))
    )
    (fp_line (start -0.635 0.508) (end -0.635 -0.508) (layer B.Mask) (width 0.15))
    (fp_line (start -0.381 0) (end 0.254 0.508) (layer B.Mask) (width 0.15))
    (fp_line (start 0.254 0.508) (end 0.254 -0.508) (layer B.Mask) (width 0.15))
    (fp_line (start 0.254 -0.508) (end -0.381 0) (layer B.Mask) (width 0.15))
    (fp_line (start -2.5 -1.25) (end 2.5 -1.25) (layer B.Mask) (width 0.1))
    (fp_line (start -2.5 1.25) (end 2.5 1.25) (layer B.Mask) (width 0.1))
    (pad 2 smd rect (at 2.2 0) (size 2 1.8) (layers B.Cu B.Paste B.Mask)
      (net 14 C7))
    (pad 1 smd rect (at -2.2 0) (size 1.8 2) (layers B.Cu B.Paste B.Mask)
      (net 16 "Net-(D2-Pad1)"))
  )

  (module custom:Diode_SMD (layer B.Cu) (tedit 57E4B47B) (tstamp 57E42261)
    (at 128.556 44.26 90)
    (path /57E359D3)
    (fp_text reference D3 (at 0.191 1.873 90) (layer B.SilkS)
      (effects (font (size 1 1) (thickness 0.15)) (justify mirror))
    )
    (fp_text value D (at 0 1.27 90) (layer B.Fab)
      (effects (font (size 1 1) (thickness 0.15)) (justify mirror))
    )
    (fp_line (start -0.635 0.508) (end -0.635 -0.508) (layer B.Mask) (width 0.15))
    (fp_line (start -0.381 0) (end 0.254 0.508) (layer B.Mask) (width 0.15))
    (fp_line (start 0.254 0.508) (end 0.254 -0.508) (layer B.Mask) (width 0.15))
    (fp_line (start 0.254 -0.508) (end -0.381 0) (layer B.Mask) (width 0.15))
    (fp_line (start -2.5 -1.25) (end 2.5 -1.25) (layer B.Mask) (width 0.1))
    (fp_line (start -2.5 1.25) (end 2.5 1.25) (layer B.Mask) (width 0.1))
    (pad 2 smd rect (at 2.2 0 90) (size 2 1.8) (layers B.Cu B.Paste B.Mask)
      (net 9 C2))
    (pad 1 smd rect (at -2.2 0 90) (size 1.8 2) (layers B.Cu B.Paste B.Mask)
      (net 17 "Net-(D3-Pad1)"))
  )

  (module custom:Diode_SMD (layer B.Cu) (tedit 57E4B358) (tstamp 57E4226B)
    (at 128.556 165.926 270)
    (path /57E38128)
    (fp_text reference D4 (at 0.19 -2.127 270) (layer B.SilkS)
      (effects (font (size 1 1) (thickness 0.15)) (justify mirror))
    )
    (fp_text value D (at -1.334 -2.254 270) (layer B.Fab)
      (effects (font (size 1 1) (thickness 0.15)) (justify mirror))
    )
    (fp_line (start -0.635 0.508) (end -0.635 -0.508) (layer B.Mask) (width 0.15))
    (fp_line (start -0.381 0) (end 0.254 0.508) (layer B.Mask) (width 0.15))
    (fp_line (start 0.254 0.508) (end 0.254 -0.508) (layer B.Mask) (width 0.15))
    (fp_line (start 0.254 -0.508) (end -0.381 0) (layer B.Mask) (width 0.15))
    (fp_line (start -2.5 -1.25) (end 2.5 -1.25) (layer B.Mask) (width 0.1))
    (fp_line (start -2.5 1.25) (end 2.5 1.25) (layer B.Mask) (width 0.1))
    (pad 2 smd rect (at 2.2 0 270) (size 2 1.8) (layers B.Cu B.Paste B.Mask)
      (net 11 C4))
    (pad 1 smd rect (at -2.2 0 270) (size 1.8 2) (layers B.Cu B.Paste B.Mask)
      (net 18 "Net-(D4-Pad1)"))
  )

  (module custom:Diode_SMD (layer F.Cu) (tedit 57E85400) (tstamp 57E42275)
    (at 122.46 157.036 90)
    (path /57E38223)
    (fp_text reference D5 (at 0 2.54 90) (layer F.SilkS)
      (effects (font (size 1 1) (thickness 0.15)))
    )
    (fp_text value D (at 0 -1.27 90) (layer F.Fab)
      (effects (font (size 1 1) (thickness 0.15)))
    )
    (fp_line (start -0.635 -0.508) (end -0.635 0.508) (layer F.Mask) (width 0.15))
    (fp_line (start -0.381 0) (end 0.254 -0.508) (layer F.Mask) (width 0.15))
    (fp_line (start 0.254 -0.508) (end 0.254 0.508) (layer F.Mask) (width 0.15))
    (fp_line (start 0.254 0.508) (end -0.381 0) (layer F.Mask) (width 0.15))
    (fp_line (start -2.5 1.25) (end 2.5 1.25) (layer F.Mask) (width 0.1))
    (fp_line (start -2.5 -1.25) (end 2.5 -1.25) (layer F.Mask) (width 0.1))
    (pad 2 smd rect (at 2.2 0 90) (size 2 1.8) (layers F.Cu F.Paste F.Mask)
      (net 9 C2))
    (pad 1 smd rect (at -2.2 0 90) (size 1.8 2) (layers F.Cu F.Paste F.Mask)
      (net 19 "Net-(D5-Pad1)"))
  )

  (module custom:Diode_SMD (layer B.Cu) (tedit 57E4B36A) (tstamp 57E4227F)
    (at 111.538 165.672 270)
    (path /57E38282)
    (fp_text reference D6 (at -0.064 2.064 270) (layer B.SilkS)
      (effects (font (size 1 1) (thickness 0.15)) (justify mirror))
    )
    (fp_text value D (at 0 1.27 270) (layer B.Fab)
      (effects (font (size 1 1) (thickness 0.15)) (justify mirror))
    )
    (fp_line (start -0.635 0.508) (end -0.635 -0.508) (layer B.Mask) (width 0.15))
    (fp_line (start -0.381 0) (end 0.254 0.508) (layer B.Mask) (width 0.15))
    (fp_line (start 0.254 0.508) (end 0.254 -0.508) (layer B.Mask) (width 0.15))
    (fp_line (start 0.254 -0.508) (end -0.381 0) (layer B.Mask) (width 0.15))
    (fp_line (start -2.5 -1.25) (end 2.5 -1.25) (layer B.Mask) (width 0.1))
    (fp_line (start -2.5 1.25) (end 2.5 1.25) (layer B.Mask) (width 0.1))
    (pad 2 smd rect (at 2.2 0 270) (size 2 1.8) (layers B.Cu B.Paste B.Mask)
      (net 10 C3))
    (pad 1 smd rect (at -2.2 0 270) (size 1.8 2) (layers B.Cu B.Paste B.Mask)
      (net 20 "Net-(D6-Pad1)"))
  )

  (module custom:Diode_SMD (layer B.Cu) (tedit 57E4B491) (tstamp 57E42289)
    (at 117.475 10.795)
    (path /57E3515A)
    (fp_text reference D7 (at -0.063 2) (layer B.SilkS)
      (effects (font (size 1 1) (thickness 0.15)) (justify mirror))
    )
    (fp_text value D (at 0 1.27) (layer B.Fab)
      (effects (font (size 1 1) (thickness 0.15)) (justify mirror))
    )
    (fp_line (start -0.635 0.508) (end -0.635 -0.508) (layer B.Mask) (width 0.15))
    (fp_line (start -0.381 0) (end 0.254 0.508) (layer B.Mask) (width 0.15))
    (fp_line (start 0.254 0.508) (end 0.254 -0.508) (layer B.Mask) (width 0.15))
    (fp_line (start 0.254 -0.508) (end -0.381 0) (layer B.Mask) (width 0.15))
    (fp_line (start -2.5 -1.25) (end 2.5 -1.25) (layer B.Mask) (width 0.1))
    (fp_line (start -2.5 1.25) (end 2.5 1.25) (layer B.Mask) (width 0.1))
    (pad 2 smd rect (at 2.2 0) (size 2 1.8) (layers B.Cu B.Paste B.Mask)
      (net 14 C7))
    (pad 1 smd rect (at -2.2 0) (size 1.8 2) (layers B.Cu B.Paste B.Mask)
      (net 21 "Net-(D7-Pad1)"))
  )

  (module custom:Diode_SMD (layer B.Cu) (tedit 57E4B48D) (tstamp 57E42293)
    (at 117.475 7.366)
    (path /57E35217)
    (fp_text reference D8 (at -0.19 -1.937) (layer B.SilkS)
      (effects (font (size 1 1) (thickness 0.15)) (justify mirror))
    )
    (fp_text value D (at 0 1.27) (layer B.Fab)
      (effects (font (size 1 1) (thickness 0.15)) (justify mirror))
    )
    (fp_line (start -0.635 0.508) (end -0.635 -0.508) (layer B.Mask) (width 0.15))
    (fp_line (start -0.381 0) (end 0.254 0.508) (layer B.Mask) (width 0.15))
    (fp_line (start 0.254 0.508) (end 0.254 -0.508) (layer B.Mask) (width 0.15))
    (fp_line (start 0.254 -0.508) (end -0.381 0) (layer B.Mask) (width 0.15))
    (fp_line (start -2.5 -1.25) (end 2.5 -1.25) (layer B.Mask) (width 0.1))
    (fp_line (start -2.5 1.25) (end 2.5 1.25) (layer B.Mask) (width 0.1))
    (pad 2 smd rect (at 2.2 0) (size 2 1.8) (layers B.Cu B.Paste B.Mask)
      (net 13 C6))
    (pad 1 smd rect (at -2.2 0) (size 1.8 2) (layers B.Cu B.Paste B.Mask)
      (net 22 "Net-(D8-Pad1)"))
  )

  (module custom:Diode_SMD (layer B.Cu) (tedit 57E4B498) (tstamp 57E4229D)
    (at 124.079 9.525 90)
    (path /57E352BE)
    (fp_text reference D9 (at 0.032 -1.714 90) (layer B.SilkS)
      (effects (font (size 1 1) (thickness 0.15)) (justify mirror))
    )
    (fp_text value D (at 0 1.27 90) (layer B.Fab)
      (effects (font (size 1 1) (thickness 0.15)) (justify mirror))
    )
    (fp_line (start -0.635 0.508) (end -0.635 -0.508) (layer B.Mask) (width 0.15))
    (fp_line (start -0.381 0) (end 0.254 0.508) (layer B.Mask) (width 0.15))
    (fp_line (start 0.254 0.508) (end 0.254 -0.508) (layer B.Mask) (width 0.15))
    (fp_line (start 0.254 -0.508) (end -0.381 0) (layer B.Mask) (width 0.15))
    (fp_line (start -2.5 -1.25) (end 2.5 -1.25) (layer B.Mask) (width 0.1))
    (fp_line (start -2.5 1.25) (end 2.5 1.25) (layer B.Mask) (width 0.1))
    (pad 2 smd rect (at 2.2 0 90) (size 2 1.8) (layers B.Cu B.Paste B.Mask)
      (net 12 C5))
    (pad 1 smd rect (at -2.2 0 90) (size 1.8 2) (layers B.Cu B.Paste B.Mask)
      (net 23 "Net-(D9-Pad1)"))
  )

  (module custom:Diode_SMD (layer B.Cu) (tedit 57E4B45A) (tstamp 57E422A7)
    (at 111.538 77.788 90)
    (path /57E35FCC)
    (fp_text reference D10 (at -0.19 -1.937 90) (layer B.SilkS)
      (effects (font (size 1 1) (thickness 0.15)) (justify mirror))
    )
    (fp_text value D (at 0 1.27 90) (layer B.Fab)
      (effects (font (size 1 1) (thickness 0.15)) (justify mirror))
    )
    (fp_line (start -0.635 0.508) (end -0.635 -0.508) (layer B.Mask) (width 0.15))
    (fp_line (start -0.381 0) (end 0.254 0.508) (layer B.Mask) (width 0.15))
    (fp_line (start 0.254 0.508) (end 0.254 -0.508) (layer B.Mask) (width 0.15))
    (fp_line (start 0.254 -0.508) (end -0.381 0) (layer B.Mask) (width 0.15))
    (fp_line (start -2.5 -1.25) (end 2.5 -1.25) (layer B.Mask) (width 0.1))
    (fp_line (start -2.5 1.25) (end 2.5 1.25) (layer B.Mask) (width 0.1))
    (pad 2 smd rect (at 2.2 0 90) (size 2 1.8) (layers B.Cu B.Paste B.Mask)
      (net 13 C6))
    (pad 1 smd rect (at -2.2 0 90) (size 1.8 2) (layers B.Cu B.Paste B.Mask)
      (net 24 "Net-(D10-Pad1)"))
  )

  (module custom:Diode_SMD (layer B.Cu) (tedit 57E4B1C7) (tstamp 57E422B1)
    (at 118.904 84.392)
    (path /57E3602D)
    (fp_text reference D11 (at 4.794 0.444) (layer B.SilkS)
      (effects (font (size 1 1) (thickness 0.15)) (justify mirror))
    )
    (fp_text value D (at 0 1.27) (layer B.Fab)
      (effects (font (size 1 1) (thickness 0.15)) (justify mirror))
    )
    (fp_line (start -0.635 0.508) (end -0.635 -0.508) (layer B.Mask) (width 0.15))
    (fp_line (start -0.381 0) (end 0.254 0.508) (layer B.Mask) (width 0.15))
    (fp_line (start 0.254 0.508) (end 0.254 -0.508) (layer B.Mask) (width 0.15))
    (fp_line (start 0.254 -0.508) (end -0.381 0) (layer B.Mask) (width 0.15))
    (fp_line (start -2.5 -1.25) (end 2.5 -1.25) (layer B.Mask) (width 0.1))
    (fp_line (start -2.5 1.25) (end 2.5 1.25) (layer B.Mask) (width 0.1))
    (pad 2 smd rect (at 2.2 0) (size 2 1.8) (layers B.Cu B.Paste B.Mask)
      (net 9 C2))
    (pad 1 smd rect (at -2.2 0) (size 1.8 2) (layers B.Cu B.Paste B.Mask)
      (net 25 "Net-(D11-Pad1)"))
  )

  (module custom:Diode_SMD (layer B.Cu) (tedit 57E4B45F) (tstamp 57E422BB)
    (at 128.556 77.788 90)
    (path /57E36078)
    (fp_text reference D12 (at -0.19 2 90) (layer B.SilkS)
      (effects (font (size 1 1) (thickness 0.15)) (justify mirror))
    )
    (fp_text value D (at 0 1.27 90) (layer B.Fab)
      (effects (font (size 1 1) (thickness 0.15)) (justify mirror))
    )
    (fp_line (start -0.635 0.508) (end -0.635 -0.508) (layer B.Mask) (width 0.15))
    (fp_line (start -0.381 0) (end 0.254 0.508) (layer B.Mask) (width 0.15))
    (fp_line (start 0.254 0.508) (end 0.254 -0.508) (layer B.Mask) (width 0.15))
    (fp_line (start 0.254 -0.508) (end -0.381 0) (layer B.Mask) (width 0.15))
    (fp_line (start -2.5 -1.25) (end 2.5 -1.25) (layer B.Mask) (width 0.1))
    (fp_line (start -2.5 1.25) (end 2.5 1.25) (layer B.Mask) (width 0.1))
    (pad 2 smd rect (at 2.2 0 90) (size 2 1.8) (layers B.Cu B.Paste B.Mask)
      (net 12 C5))
    (pad 1 smd rect (at -2.2 0 90) (size 1.8 2) (layers B.Cu B.Paste B.Mask)
      (net 26 "Net-(D12-Pad1)"))
  )

  (module custom:Diode_SMD (layer F.Cu) (tedit 57E853A9) (tstamp 57E422C5)
    (at 108.236 134.684)
    (path /595EA837)
    (fp_text reference D13 (at -0.032 2.095) (layer F.SilkS)
      (effects (font (size 1 1) (thickness 0.15)))
    )
    (fp_text value D (at 0 -1.27) (layer F.Fab)
      (effects (font (size 1 1) (thickness 0.15)))
    )
    (fp_line (start -0.635 -0.508) (end -0.635 0.508) (layer F.Mask) (width 0.15))
    (fp_line (start -0.381 0) (end 0.254 -0.508) (layer F.Mask) (width 0.15))
    (fp_line (start 0.254 -0.508) (end 0.254 0.508) (layer F.Mask) (width 0.15))
    (fp_line (start 0.254 0.508) (end -0.381 0) (layer F.Mask) (width 0.15))
    (fp_line (start -2.5 1.25) (end 2.5 1.25) (layer F.Mask) (width 0.1))
    (fp_line (start -2.5 -1.25) (end 2.5 -1.25) (layer F.Mask) (width 0.1))
    (pad 2 smd rect (at 2.2 0) (size 2 1.8) (layers F.Cu F.Paste F.Mask)
      (net 13 C6))
    (pad 1 smd rect (at -2.2 0) (size 1.8 2) (layers F.Cu F.Paste F.Mask)
      (net 27 "Net-(D13-Pad1)"))
  )

  (module custom:Diode_SMD (layer F.Cu) (tedit 57E853F2) (tstamp 57E422CF)
    (at 108.236 146.114)
    (path /595EB051)
    (fp_text reference D14 (at -0.032 2.095) (layer F.SilkS)
      (effects (font (size 1 1) (thickness 0.15)))
    )
    (fp_text value D (at 0 -1.27) (layer F.Fab)
      (effects (font (size 1 1) (thickness 0.15)))
    )
    (fp_line (start -0.635 -0.508) (end -0.635 0.508) (layer F.Mask) (width 0.15))
    (fp_line (start -0.381 0) (end 0.254 -0.508) (layer F.Mask) (width 0.15))
    (fp_line (start 0.254 -0.508) (end 0.254 0.508) (layer F.Mask) (width 0.15))
    (fp_line (start 0.254 0.508) (end -0.381 0) (layer F.Mask) (width 0.15))
    (fp_line (start -2.5 1.25) (end 2.5 1.25) (layer F.Mask) (width 0.1))
    (fp_line (start -2.5 -1.25) (end 2.5 -1.25) (layer F.Mask) (width 0.1))
    (pad 2 smd rect (at 2.2 0) (size 2 1.8) (layers F.Cu F.Paste F.Mask)
      (net 11 C4))
    (pad 1 smd rect (at -2.2 0) (size 1.8 2) (layers F.Cu F.Paste F.Mask)
      (net 28 "Net-(D14-Pad1)"))
  )

  (module custom:Diode_SMD (layer F.Cu) (tedit 57E853FA) (tstamp 57E422D9)
    (at 108.236 157.036)
    (path /595EC990)
    (fp_text reference D15 (at -0.032 2.095) (layer F.SilkS)
      (effects (font (size 1 1) (thickness 0.15)))
    )
    (fp_text value D (at 0 -1.27) (layer F.Fab)
      (effects (font (size 1 1) (thickness 0.15)))
    )
    (fp_line (start -0.635 -0.508) (end -0.635 0.508) (layer F.Mask) (width 0.15))
    (fp_line (start -0.381 0) (end 0.254 -0.508) (layer F.Mask) (width 0.15))
    (fp_line (start 0.254 -0.508) (end 0.254 0.508) (layer F.Mask) (width 0.15))
    (fp_line (start 0.254 0.508) (end -0.381 0) (layer F.Mask) (width 0.15))
    (fp_line (start -2.5 1.25) (end 2.5 1.25) (layer F.Mask) (width 0.1))
    (fp_line (start -2.5 -1.25) (end 2.5 -1.25) (layer F.Mask) (width 0.1))
    (pad 2 smd rect (at 2.2 0) (size 2 1.8) (layers F.Cu F.Paste F.Mask)
      (net 9 C2))
    (pad 1 smd rect (at -2.2 0) (size 1.8 2) (layers F.Cu F.Paste F.Mask)
      (net 29 "Net-(D15-Pad1)"))
  )

  (module custom:Diode_SMD (layer B.Cu) (tedit 57E4B360) (tstamp 57E422E3)
    (at 128.302 177.102 90)
    (path /57E382E1)
    (fp_text reference D16 (at -0.063 2.127 90) (layer B.SilkS)
      (effects (font (size 1 1) (thickness 0.15)) (justify mirror))
    )
    (fp_text value D (at 0 1.27 90) (layer B.Fab)
      (effects (font (size 1 1) (thickness 0.15)) (justify mirror))
    )
    (fp_line (start -0.635 0.508) (end -0.635 -0.508) (layer B.Mask) (width 0.15))
    (fp_line (start -0.381 0) (end 0.254 0.508) (layer B.Mask) (width 0.15))
    (fp_line (start 0.254 0.508) (end 0.254 -0.508) (layer B.Mask) (width 0.15))
    (fp_line (start 0.254 -0.508) (end -0.381 0) (layer B.Mask) (width 0.15))
    (fp_line (start -2.5 -1.25) (end 2.5 -1.25) (layer B.Mask) (width 0.1))
    (fp_line (start -2.5 1.25) (end 2.5 1.25) (layer B.Mask) (width 0.1))
    (pad 2 smd rect (at 2.2 0 90) (size 2 1.8) (layers B.Cu B.Paste B.Mask)
      (net 7 C0))
    (pad 1 smd rect (at -2.2 0 90) (size 1.8 2) (layers B.Cu B.Paste B.Mask)
      (net 30 "Net-(D16-Pad1)"))
  )

  (module custom:Diode_SMD (layer B.Cu) (tedit 57E4B36D) (tstamp 57E422ED)
    (at 111.538 176.848 90)
    (path /57E383E4)
    (fp_text reference D17 (at -0.19 -2.064 90) (layer B.SilkS)
      (effects (font (size 1 1) (thickness 0.15)) (justify mirror))
    )
    (fp_text value D (at 0 1.27 180) (layer B.Fab)
      (effects (font (size 1 1) (thickness 0.15)) (justify mirror))
    )
    (fp_line (start -0.635 0.508) (end -0.635 -0.508) (layer B.Mask) (width 0.15))
    (fp_line (start -0.381 0) (end 0.254 0.508) (layer B.Mask) (width 0.15))
    (fp_line (start 0.254 0.508) (end 0.254 -0.508) (layer B.Mask) (width 0.15))
    (fp_line (start 0.254 -0.508) (end -0.381 0) (layer B.Mask) (width 0.15))
    (fp_line (start -2.5 -1.25) (end 2.5 -1.25) (layer B.Mask) (width 0.1))
    (fp_line (start -2.5 1.25) (end 2.5 1.25) (layer B.Mask) (width 0.1))
    (pad 2 smd rect (at 2.2 0 90) (size 2 1.8) (layers B.Cu B.Paste B.Mask)
      (net 8 C1))
    (pad 1 smd rect (at -2.2 0 90) (size 1.8 2) (layers B.Cu B.Paste B.Mask)
      (net 31 "Net-(D17-Pad1)"))
  )

  (module custom:Diode_SMD (layer B.Cu) (tedit 57E4B484) (tstamp 57E422F7)
    (at 111.538 32.322 270)
    (path /57E35A2D)
    (fp_text reference D18 (at 0.19 1.937 270) (layer B.SilkS)
      (effects (font (size 1 1) (thickness 0.15)) (justify mirror))
    )
    (fp_text value D (at 0 1.27 270) (layer B.Fab)
      (effects (font (size 1 1) (thickness 0.15)) (justify mirror))
    )
    (fp_line (start -0.635 0.508) (end -0.635 -0.508) (layer B.Mask) (width 0.15))
    (fp_line (start -0.381 0) (end 0.254 0.508) (layer B.Mask) (width 0.15))
    (fp_line (start 0.254 0.508) (end 0.254 -0.508) (layer B.Mask) (width 0.15))
    (fp_line (start 0.254 -0.508) (end -0.381 0) (layer B.Mask) (width 0.15))
    (fp_line (start -2.5 -1.25) (end 2.5 -1.25) (layer B.Mask) (width 0.1))
    (fp_line (start -2.5 1.25) (end 2.5 1.25) (layer B.Mask) (width 0.1))
    (pad 2 smd rect (at 2.2 0 270) (size 2 1.8) (layers B.Cu B.Paste B.Mask)
      (net 7 C0))
    (pad 1 smd rect (at -2.2 0 270) (size 1.8 2) (layers B.Cu B.Paste B.Mask)
      (net 32 "Net-(D18-Pad1)"))
  )

  (module custom:Diode_SMD (layer B.Cu) (tedit 57E853DC) (tstamp 57E42301)
    (at 128.556 32.83 270)
    (path /57E35ADE)
    (fp_text reference D19 (at 0.063 -1.873 270) (layer B.SilkS)
      (effects (font (size 1 1) (thickness 0.15)) (justify mirror))
    )
    (fp_text value D (at 0 1.27 270) (layer B.Fab)
      (effects (font (size 1 1) (thickness 0.15)) (justify mirror))
    )
    (fp_line (start -0.635 0.508) (end -0.635 -0.508) (layer B.Mask) (width 0.15))
    (fp_line (start -0.381 0) (end 0.254 0.508) (layer B.Mask) (width 0.15))
    (fp_line (start 0.254 0.508) (end 0.254 -0.508) (layer B.Mask) (width 0.15))
    (fp_line (start 0.254 -0.508) (end -0.381 0) (layer B.Mask) (width 0.15))
    (fp_line (start -2.5 -1.25) (end 2.5 -1.25) (layer B.Mask) (width 0.1))
    (fp_line (start -2.5 1.25) (end 2.5 1.25) (layer B.Mask) (width 0.1))
    (pad 2 smd rect (at 2.2 0 270) (size 2 1.8) (layers B.Cu B.Paste B.Mask)
      (net 8 C1))
    (pad 1 smd rect (at -2.2 0 270) (size 1.8 2) (layers B.Cu B.Paste B.Mask)
      (net 33 "Net-(D19-Pad1)"))
  )

  (module custom:Diode_SMD (layer B.Cu) (tedit 57E4B455) (tstamp 57E4230B)
    (at 111.538 66.612 270)
    (path /57E360C1)
    (fp_text reference D20 (at 0.063 1.937 270) (layer B.SilkS)
      (effects (font (size 1 1) (thickness 0.15)) (justify mirror))
    )
    (fp_text value D (at 0 1.27 270) (layer B.Fab)
      (effects (font (size 1 1) (thickness 0.15)) (justify mirror))
    )
    (fp_line (start -0.635 0.508) (end -0.635 -0.508) (layer B.Mask) (width 0.15))
    (fp_line (start -0.381 0) (end 0.254 0.508) (layer B.Mask) (width 0.15))
    (fp_line (start 0.254 0.508) (end 0.254 -0.508) (layer B.Mask) (width 0.15))
    (fp_line (start 0.254 -0.508) (end -0.381 0) (layer B.Mask) (width 0.15))
    (fp_line (start -2.5 -1.25) (end 2.5 -1.25) (layer B.Mask) (width 0.1))
    (fp_line (start -2.5 1.25) (end 2.5 1.25) (layer B.Mask) (width 0.1))
    (pad 2 smd rect (at 2.2 0 270) (size 2 1.8) (layers B.Cu B.Paste B.Mask)
      (net 10 C3))
    (pad 1 smd rect (at -2.2 0 270) (size 1.8 2) (layers B.Cu B.Paste B.Mask)
      (net 34 "Net-(D20-Pad1)"))
  )

  (module custom:Diode_SMD (layer B.Cu) (tedit 57E853C2) (tstamp 57E42315)
    (at 128.556 66.612 270)
    (path /57E36108)
    (fp_text reference D21 (at 0.063 -2 270) (layer B.SilkS)
      (effects (font (size 1 1) (thickness 0.15)) (justify mirror))
    )
    (fp_text value D (at 0 1.27 270) (layer B.Fab)
      (effects (font (size 1 1) (thickness 0.15)) (justify mirror))
    )
    (fp_line (start -0.635 0.508) (end -0.635 -0.508) (layer B.Mask) (width 0.15))
    (fp_line (start -0.381 0) (end 0.254 0.508) (layer B.Mask) (width 0.15))
    (fp_line (start 0.254 0.508) (end 0.254 -0.508) (layer B.Mask) (width 0.15))
    (fp_line (start 0.254 -0.508) (end -0.381 0) (layer B.Mask) (width 0.15))
    (fp_line (start -2.5 -1.25) (end 2.5 -1.25) (layer B.Mask) (width 0.1))
    (fp_line (start -2.5 1.25) (end 2.5 1.25) (layer B.Mask) (width 0.1))
    (pad 2 smd rect (at 2.2 0 270) (size 2 1.8) (layers B.Cu B.Paste B.Mask)
      (net 11 C4))
    (pad 1 smd rect (at -2.2 0 270) (size 1.8 2) (layers B.Cu B.Paste B.Mask)
      (net 35 "Net-(D21-Pad1)"))
  )

  (module custom:Diode_SMD (layer F.Cu) (tedit 57E853B0) (tstamp 57E4231F)
    (at 127.032 134.684 180)
    (path /595E9543)
    (fp_text reference D22 (at -0.095 -2.095 180) (layer F.SilkS)
      (effects (font (size 1 1) (thickness 0.15)))
    )
    (fp_text value D (at 0 -1.27 180) (layer F.Fab)
      (effects (font (size 1 1) (thickness 0.15)))
    )
    (fp_line (start -0.635 -0.508) (end -0.635 0.508) (layer F.Mask) (width 0.15))
    (fp_line (start -0.381 0) (end 0.254 -0.508) (layer F.Mask) (width 0.15))
    (fp_line (start 0.254 -0.508) (end 0.254 0.508) (layer F.Mask) (width 0.15))
    (fp_line (start 0.254 0.508) (end -0.381 0) (layer F.Mask) (width 0.15))
    (fp_line (start -2.5 1.25) (end 2.5 1.25) (layer F.Mask) (width 0.1))
    (fp_line (start -2.5 -1.25) (end 2.5 -1.25) (layer F.Mask) (width 0.1))
    (pad 2 smd rect (at 2.2 0 180) (size 2 1.8) (layers F.Cu F.Paste F.Mask)
      (net 12 C5))
    (pad 1 smd rect (at -2.2 0 180) (size 1.8 2) (layers F.Cu F.Paste F.Mask)
      (net 36 "Net-(D22-Pad1)"))
  )

  (module custom:Diode_SMD (layer F.Cu) (tedit 57E853EE) (tstamp 57E42329)
    (at 127.286 145.86 180)
    (path /595EB041)
    (fp_text reference D23 (at 0.413 6.922 180) (layer F.SilkS)
      (effects (font (size 1 1) (thickness 0.15)))
    )
    (fp_text value D (at 0 -1.27 180) (layer F.Fab)
      (effects (font (size 1 1) (thickness 0.15)))
    )
    (fp_line (start -0.635 -0.508) (end -0.635 0.508) (layer F.Mask) (width 0.15))
    (fp_line (start -0.381 0) (end 0.254 -0.508) (layer F.Mask) (width 0.15))
    (fp_line (start 0.254 -0.508) (end 0.254 0.508) (layer F.Mask) (width 0.15))
    (fp_line (start 0.254 0.508) (end -0.381 0) (layer F.Mask) (width 0.15))
    (fp_line (start -2.5 1.25) (end 2.5 1.25) (layer F.Mask) (width 0.1))
    (fp_line (start -2.5 -1.25) (end 2.5 -1.25) (layer F.Mask) (width 0.1))
    (pad 2 smd rect (at 2.2 0 180) (size 2 1.8) (layers F.Cu F.Paste F.Mask)
      (net 10 C3))
    (pad 1 smd rect (at -2.2 0 180) (size 1.8 2) (layers F.Cu F.Paste F.Mask)
      (net 37 "Net-(D23-Pad1)"))
  )

  (module custom:Diode_SMD (layer F.Cu) (tedit 57E85405) (tstamp 57E42333)
    (at 127.794 157.036 180)
    (path /595EC980)
    (fp_text reference D24 (at -0.222 -1.968 180) (layer F.SilkS)
      (effects (font (size 1 1) (thickness 0.15)))
    )
    (fp_text value D (at 0 -1.27 180) (layer F.Fab)
      (effects (font (size 1 1) (thickness 0.15)))
    )
    (fp_line (start -0.635 -0.508) (end -0.635 0.508) (layer F.Mask) (width 0.15))
    (fp_line (start -0.381 0) (end 0.254 -0.508) (layer F.Mask) (width 0.15))
    (fp_line (start 0.254 -0.508) (end 0.254 0.508) (layer F.Mask) (width 0.15))
    (fp_line (start 0.254 0.508) (end -0.381 0) (layer F.Mask) (width 0.15))
    (fp_line (start -2.5 1.25) (end 2.5 1.25) (layer F.Mask) (width 0.1))
    (fp_line (start -2.5 -1.25) (end 2.5 -1.25) (layer F.Mask) (width 0.1))
